Webots Project File version R2025a
perspectives: 000000ff00000000fd00000003000000000000000000000000fc0100000001fb0000001a0044006f00630075006d0065006e0074006100740069006f006e0000000000ffffffff000000000000000000000001000002bd000002bcfc0200000001fb0000001400540065007800740045006400690074006f00720100000019000002bc0000008a00ffffff0000000300000780000000effc0100000001fb0000001a0043006f006e0073006f006c00650041006c006c0041006c006c0100000000000007800000006900ffffff000004c1000002bc00000001000000020000000100000008fc00000000
simulationViewPerspectives: 000000ff000000010000000200000118000005570100000002010000000100
sceneTreePerspectives: 000000ff00000001000000030000002200000295000000fa0100000002010000000200
maximizedDockId: -1
centralWidgetVisible: 1
orthographicViewHeight: 1
textFiles: 3 "controllers/nao_demo/nao_demo.c" "controllers/nao_pp_s8/pose.py" "unnamed.txt" "controllers/nao_pp_s8/nao_pp_s8.py" "controllers/nao_pp_s8/projet_pluridiscplinaire/camera_test_acquisition.py"
consoles: Console:All:All
renderingDevicePerspectives: NAO:CameraBottom;1;0.482125;0;0.634441
renderingDevicePerspectives: NAO:CameraTop;1;0.6875;0;0
